15	6	E	-3201403.48089737	200
probinit	1	0.0
probinit	2	1.509346390400518E-276
probinit	3	0.0
probinit	4	0.006884994083731568
probinit	5	0.0
probinit	6	0.013348025237878555
probinit	7	2.0203111243063482E-289
probinit	8	2.0984625223402445E-250
probinit	9	0.004143600893389813
probinit	10	0.0
probinit	11	2.8730935034745744E-225
probinit	12	5.602863655141368E-250
probinit	13	0.08441237777183937
probinit	14	0.8912110020131607
probinit	15	4.3887284267058545E-22
transitionprobs	1	1	0.657569912059272
transitionprobs	1	2	0.09458057493842602
transitionprobs	1	3	0.026678903191551567
transitionprobs	1	4	0.0
transitionprobs	1	5	0.004020867021210969
transitionprobs	1	6	2.776977805433998E-4
transitionprobs	1	7	3.178958811491375E-4
transitionprobs	1	8	0.19075879652805627
transitionprobs	1	9	0.012311907125834902
transitionprobs	1	10	0.00854921451339771
transitionprobs	1	11	0.0
transitionprobs	1	12	0.0
transitionprobs	1	13	0.004934230960558132
transitionprobs	1	14	0.0
transitionprobs	1	15	0.0
transitionprobs	2	1	0.18185670515380067
transitionprobs	2	2	0.5890522176096582
transitionprobs	2	3	0.024799144186206608
transitionprobs	2	4	4.2950893666813476E-4
transitionprobs	2	5	0.03995072152066346
transitionprobs	2	6	0.003811087982144571
transitionprobs	2	7	0.0
transitionprobs	2	8	0.018340318254393428
transitionprobs	2	9	0.08856366657005048
transitionprobs	2	10	0.02120841742288896
transitionprobs	2	11	0.013820022377033506
transitionprobs	2	12	6.55621069966003E-4
transitionprobs	2	13	0.006314868920977874
transitionprobs	2	14	0.011197699995548205
transitionprobs	2	15	0.0
transitionprobs	3	1	0.11645239611754499
transitionprobs	3	2	0.05686910032744521
transitionprobs	3	3	0.3966907389349492
transitionprobs	3	4	0.0073587675773502306
transitionprobs	3	5	0.2668832564525131
transitionprobs	3	6	0.04247153541597291
transitionprobs	3	7	0.04866217774434553
transitionprobs	3	8	0.044080092884974234
transitionprobs	3	9	0.005514590092753718
transitionprobs	3	10	0.012800117598722054
transitionprobs	3	11	0.0
transitionprobs	3	12	0.0
transitionprobs	3	13	0.0022172268534287635
transitionprobs	3	14	0.0
transitionprobs	3	15	0.0
transitionprobs	4	1	0.0
transitionprobs	4	2	0.005238267785142183
transitionprobs	4	3	0.022730822560961546
transitionprobs	4	4	0.6855085704470173
transitionprobs	4	5	0.12652442813244918
transitionprobs	4	6	0.04089590476578778
transitionprobs	4	7	1.2063616594896798E-8
transitionprobs	4	8	0.0
transitionprobs	4	9	0.0
transitionprobs	4	10	0.10219195403892739
transitionprobs	4	11	0.0
transitionprobs	4	12	0.009456542730746944
transitionprobs	4	13	0.007453497475351195
transitionprobs	4	14	0.0
transitionprobs	4	15	0.0
transitionprobs	5	1	0.004387906287942802
transitionprobs	5	2	0.024945457114482244
transitionprobs	5	3	0.07595610839364131
transitionprobs	5	4	0.013783839104082518
transitionprobs	5	5	0.7628050962908338
transitionprobs	5	6	0.0970191968229908
transitionprobs	5	7	0.01204565876169025
transitionprobs	5	8	0.0030312017162025112
transitionprobs	5	9	0.003562257018769815
transitionprobs	5	10	8.097632670462044E-7
transitionprobs	5	11	6.727855159503752E-4
transitionprobs	5	12	0.0
transitionprobs	5	13	7.640129655068393E-4
transitionprobs	5	14	0.001025670244639725
transitionprobs	5	15	0.0
transitionprobs	6	1	6.82543794310016E-4
transitionprobs	6	2	0.004128079430405366
transitionprobs	6	3	0.02043596646498756
transitionprobs	6	4	0.007478794501978199
transitionprobs	6	5	0.16720359135331658
transitionprobs	6	6	0.5561341759749178
transitionprobs	6	7	0.077717221262861
transitionprobs	6	8	0.0492766715017403
transitionprobs	6	9	0.04846187168824747
transitionprobs	6	10	0.006671053457286303
transitionprobs	6	11	0.011534585694801577
transitionprobs	6	12	8.547216518131402E-4
transitionprobs	6	13	0.001957879336301774
transitionprobs	6	14	0.02843454525158316
transitionprobs	6	15	0.019028298635449883
transitionprobs	7	1	0.0018971578884499328
transitionprobs	7	2	0.0
transitionprobs	7	3	0.08069135737428076
transitionprobs	7	4	0.0
transitionprobs	7	5	0.05785460344815468
transitionprobs	7	6	0.242369460016461
transitionprobs	7	7	0.27680405641085415
transitionprobs	7	8	0.2139334932990138
transitionprobs	7	9	0.033316620537253844
transitionprobs	7	10	0.029642508363780386
transitionprobs	7	11	0.017792339640138176
transitionprobs	7	12	5.928236630405091E-4
transitionprobs	7	13	0.0019642580128602176
transitionprobs	7	14	0.0030626713266038398
transitionprobs	7	15	0.04007865001910866
transitionprobs	8	1	0.04968099908139763
transitionprobs	8	2	0.002602662735775972
transitionprobs	8	3	0.0029270119639215122
transitionprobs	8	4	0.0
transitionprobs	8	5	5.245706894503907E-4
transitionprobs	8	6	0.0057605003881891
transitionprobs	8	7	0.007401157767732398
transitionprobs	8	8	0.7393156857811307
transitionprobs	8	9	0.1710842533716375
transitionprobs	8	10	0.0045281839339397145
transitionprobs	8	11	0.01037832308237346
transitionprobs	8	12	5.9125216070257615E-6
transitionprobs	8	13	2.563113717526093E-4
transitionprobs	8	14	2.427686237615156E-7
transitionprobs	8	15	0.005534184542468264
transitionprobs	9	1	3.751492904501406E-4
transitionprobs	9	2	0.0015593684861256746
transitionprobs	9	3	4.291621421185439E-5
transitionprobs	9	4	0.0
transitionprobs	9	5	1.4742552047639025E-4
transitionprobs	9	6	6.890624014472591E-4
transitionprobs	9	7	2.2156783157066716E-4
transitionprobs	9	8	0.02256026325045722
transitionprobs	9	9	0.9659821386866799
transitionprobs	9	10	0.0
transitionprobs	9	11	0.001996585776669953
transitionprobs	9	12	0.0
transitionprobs	9	13	0.0029059318103244287
transitionprobs	9	14	9.236172549760119E-4
transitionprobs	9	15	0.002595973476610428
transitionprobs	10	1	0.012757538991044644
transitionprobs	10	2	0.015624922521901067
transitionprobs	10	3	0.004609021520631829
transitionprobs	10	4	0.013849634051875169
transitionprobs	10	5	0.0
transitionprobs	10	6	0.003927024767774061
transitionprobs	10	7	0.005317227256805941
transitionprobs	10	8	0.02238736243600463
transitionprobs	10	9	0.0
transitionprobs	10	10	0.7426395574322842
transitionprobs	10	11	0.09169856361522766
transitionprobs	10	12	0.08634628177929067
transitionprobs	10	13	8.428656271601917E-4
transitionprobs	10	14	0.0
transitionprobs	10	15	0.0
transitionprobs	11	1	0.0
transitionprobs	11	2	8.2222987370329E-4
transitionprobs	11	3	0.0
transitionprobs	11	4	0.0
transitionprobs	11	5	0.0
transitionprobs	11	6	5.61188504575517E-4
transitionprobs	11	7	2.472126368074757E-4
transitionprobs	11	8	0.003999973278354438
transitionprobs	11	9	0.005830024638592642
transitionprobs	11	10	0.005921237206801084
transitionprobs	11	11	0.9707154948457412
transitionprobs	11	12	0.010845254992641709
transitionprobs	11	13	0.0010573840227825993
transitionprobs	11	14	0.0
transitionprobs	11	15	0.0
transitionprobs	12	1	0.0
transitionprobs	12	2	1.3622080031999226E-4
transitionprobs	12	3	1.8835372176290754E-5
transitionprobs	12	4	3.0708035461753374E-4
transitionprobs	12	5	0.0
transitionprobs	12	6	8.28061396248668E-5
transitionprobs	12	7	7.3879860739588676E-6
transitionprobs	12	8	1.175182287263611E-6
transitionprobs	12	9	0.0
transitionprobs	12	10	0.016457492534684245
transitionprobs	12	11	0.032122764769711924
transitionprobs	12	12	0.9494234468931169
transitionprobs	12	13	0.001442789967387155
transitionprobs	12	14	0.0
transitionprobs	12	15	0.0
transitionprobs	13	1	0.006983702060522265
transitionprobs	13	2	0.0030087965711939986
transitionprobs	13	3	4.0634663630326857E-4
transitionprobs	13	4	9.426057977620999E-4
transitionprobs	13	5	8.249628653027315E-4
transitionprobs	13	6	7.683172055971559E-4
transitionprobs	13	7	3.1315514831115884E-4
transitionprobs	13	8	8.986718293040799E-4
transitionprobs	13	9	0.09375051156511502
transitionprobs	13	10	7.253955995852136E-4
transitionprobs	13	11	0.014415335629056709
transitionprobs	13	12	0.005494287966202173
transitionprobs	13	13	0.8644334726187255
transitionprobs	13	14	0.003835147465349144
transitionprobs	13	15	0.0031992910416694074
transitionprobs	14	1	0.0
transitionprobs	14	2	6.144560282867641E-5
transitionprobs	14	3	0.0
transitionprobs	14	4	0.0
transitionprobs	14	5	2.645990793919952E-6
transitionprobs	14	6	1.3210763024927306E-4
transitionprobs	14	7	4.334103377819273E-6
transitionprobs	14	8	0.0
transitionprobs	14	9	2.669732741768785E-4
transitionprobs	14	10	0.0
transitionprobs	14	11	0.0
transitionprobs	14	12	0.0
transitionprobs	14	13	2.3277147057158203E-5
transitionprobs	14	14	0.999091498341251
transitionprobs	14	15	4.1771791026525956E-4
transitionprobs	15	1	0.0
transitionprobs	15	2	0.0
transitionprobs	15	3	0.0
transitionprobs	15	4	0.0
transitionprobs	15	5	0.0
transitionprobs	15	6	4.918989796342195E-4
transitionprobs	15	7	3.3372472497640994E-4
transitionprobs	15	8	0.0010458979666833326
transitionprobs	15	9	0.004313093017025582
transitionprobs	15	10	0.0
transitionprobs	15	11	0.0
transitionprobs	15	12	0.0
transitionprobs	15	13	0.0
transitionprobs	15	14	0.0023695489565714834
transitionprobs	15	15	0.9914458363551091
emissionprobs	1	0	H3K27ac	0	0.11484675102838195
emissionprobs	1	0	H3K27ac	1	0.8851532489716181
emissionprobs	1	1	H3K27me3	0	0.9999448334706442
emissionprobs	1	1	H3K27me3	1	5.516652935582135E-5
emissionprobs	1	2	H3K36me3	0	0.939573916413719
emissionprobs	1	2	H3K36me3	1	0.060426083586281064
emissionprobs	1	3	H3K4me1	0	0.05323738998792931
emissionprobs	1	3	H3K4me1	1	0.9467626100120707
emissionprobs	1	4	H3K4me3	0	0.9939072004099413
emissionprobs	1	4	H3K4me3	1	0.006092799590058626
emissionprobs	1	5	H3K9me3	0	0.9793208086105026
emissionprobs	1	5	H3K9me3	1	0.020679191389497288
emissionprobs	2	0	H3K27ac	0	0.6474108616567178
emissionprobs	2	0	H3K27ac	1	0.35258913834328215
emissionprobs	2	1	H3K27me3	0	1.0
emissionprobs	2	1	H3K27me3	1	6.734933347110397E-133
emissionprobs	2	2	H3K36me3	0	0.9963850449107959
emissionprobs	2	2	H3K36me3	1	0.0036149550892039567
emissionprobs	2	3	H3K4me1	0	0.8995351236180016
emissionprobs	2	3	H3K4me1	1	0.10046487638199836
emissionprobs	2	4	H3K4me3	0	0.9900035124894391
emissionprobs	2	4	H3K4me3	1	0.009996487510560925
emissionprobs	2	5	H3K9me3	0	0.9851948782241204
emissionprobs	2	5	H3K9me3	1	0.014805121775879462
emissionprobs	3	0	H3K27ac	0	0.01773449555492044
emissionprobs	3	0	H3K27ac	1	0.9822655044450797
emissionprobs	3	1	H3K27me3	0	1.0
emissionprobs	3	1	H3K27me3	1	3.0265084682348643E-116
emissionprobs	3	2	H3K36me3	0	0.9592779000637119
emissionprobs	3	2	H3K36me3	1	0.04072209993628799
emissionprobs	3	3	H3K4me1	0	0.12451590883732669
emissionprobs	3	3	H3K4me1	1	0.8754840911626733
emissionprobs	3	4	H3K4me3	0	0.025218310858159444
emissionprobs	3	4	H3K4me3	1	0.9747816891418406
emissionprobs	3	5	H3K9me3	0	0.9921513996833687
emissionprobs	3	5	H3K9me3	1	0.00784860031663127
emissionprobs	4	0	H3K27ac	0	0.20970817067466563
emissionprobs	4	0	H3K27ac	1	0.7902918293253344
emissionprobs	4	1	H3K27me3	0	0.9926188242034217
emissionprobs	4	1	H3K27me3	1	0.007381175796578253
emissionprobs	4	2	H3K36me3	0	0.35967706591518167
emissionprobs	4	2	H3K36me3	1	0.6403229340848183
emissionprobs	4	3	H3K4me1	0	0.45069177186950926
emissionprobs	4	3	H3K4me1	1	0.5493082281304907
emissionprobs	4	4	H3K4me3	0	0.04147556071389251
emissionprobs	4	4	H3K4me3	1	0.9585244392861075
emissionprobs	4	5	H3K9me3	0	0.9615146938666083
emissionprobs	4	5	H3K9me3	1	0.038485306133391815
emissionprobs	5	0	H3K27ac	0	0.08042722129124799
emissionprobs	5	0	H3K27ac	1	0.9195727787087521
emissionprobs	5	1	H3K27me3	0	1.0
emissionprobs	5	1	H3K27me3	1	0.0
emissionprobs	5	2	H3K36me3	0	0.9911747252170843
emissionprobs	5	2	H3K36me3	1	0.008825274782915664
emissionprobs	5	3	H3K4me1	0	0.9999999999974117
emissionprobs	5	3	H3K4me1	1	2.5881385666616918E-12
emissionprobs	5	4	H3K4me3	0	0.009139474040511821
emissionprobs	5	4	H3K4me3	1	0.990860525959488
emissionprobs	5	5	H3K9me3	0	0.9976500186359291
emissionprobs	5	5	H3K9me3	1	0.002349981364070885
emissionprobs	6	0	H3K27ac	0	0.9419291664532977
emissionprobs	6	0	H3K27ac	1	0.05807083354670231
emissionprobs	6	1	H3K27me3	0	0.9973364793456547
emissionprobs	6	1	H3K27me3	1	0.002663520654345294
emissionprobs	6	2	H3K36me3	0	0.99587578745861
emissionprobs	6	2	H3K36me3	1	0.004124212541389853
emissionprobs	6	3	H3K4me1	0	0.9999999999890999
emissionprobs	6	3	H3K4me1	1	1.0900069396181481E-11
emissionprobs	6	4	H3K4me3	0	0.17173730957414696
emissionprobs	6	4	H3K4me3	1	0.828262690425853
emissionprobs	6	5	H3K9me3	0	0.9968795839343253
emissionprobs	6	5	H3K9me3	1	0.0031204160656747855
emissionprobs	7	0	H3K27ac	0	0.8169798251083684
emissionprobs	7	0	H3K27ac	1	0.18302017489163158
emissionprobs	7	1	H3K27me3	0	0.983840416518461
emissionprobs	7	1	H3K27me3	1	0.016159583481539005
emissionprobs	7	2	H3K36me3	0	0.9800447702651822
emissionprobs	7	2	H3K36me3	1	0.019955229734817795
emissionprobs	7	3	H3K4me1	0	0.13757589880150387
emissionprobs	7	3	H3K4me1	1	0.8624241011984962
emissionprobs	7	4	H3K4me3	0	0.17608928682654745
emissionprobs	7	4	H3K4me3	1	0.8239107131734525
emissionprobs	7	5	H3K9me3	0	0.9918481149929795
emissionprobs	7	5	H3K9me3	1	0.008151885007020453
emissionprobs	8	0	H3K27ac	0	0.972445301552656
emissionprobs	8	0	H3K27ac	1	0.02755469844734397
emissionprobs	8	1	H3K27me3	0	0.9984624647443507
emissionprobs	8	1	H3K27me3	1	0.0015375352556493325
emissionprobs	8	2	H3K36me3	0	0.9863092049890406
emissionprobs	8	2	H3K36me3	1	0.013690795010959355
emissionprobs	8	3	H3K4me1	0	0.45792684296282715
emissionprobs	8	3	H3K4me1	1	0.5420731570371728
emissionprobs	8	4	H3K4me3	0	1.0
emissionprobs	8	4	H3K4me3	1	2.1081660326588214E-40
emissionprobs	8	5	H3K9me3	0	0.9977686149801239
emissionprobs	8	5	H3K9me3	1	0.0022313850198760034
emissionprobs	9	0	H3K27ac	0	0.9991618904228753
emissionprobs	9	0	H3K27ac	1	8.381095771247382E-4
emissionprobs	9	1	H3K27me3	0	0.9990381393651181
emissionprobs	9	1	H3K27me3	1	9.618606348818385E-4
emissionprobs	9	2	H3K36me3	0	0.997871863545779
emissionprobs	9	2	H3K36me3	1	0.002128136454221072
emissionprobs	9	3	H3K4me1	0	0.9947274319654972
emissionprobs	9	3	H3K4me1	1	0.0052725680345027635
emissionprobs	9	4	H3K4me3	0	0.999745050444323
emissionprobs	9	4	H3K4me3	1	2.549495556769412E-4
emissionprobs	9	5	H3K9me3	0	0.9972222749152888
emissionprobs	9	5	H3K9me3	1	0.0027777250847112168
emissionprobs	10	0	H3K27ac	0	0.7467783701676735
emissionprobs	10	0	H3K27ac	1	0.2532216298323265
emissionprobs	10	1	H3K27me3	0	0.9999804730356248
emissionprobs	10	1	H3K27me3	1	1.9526964375207585E-5
emissionprobs	10	2	H3K36me3	0	0.5155728766383122
emissionprobs	10	2	H3K36me3	1	0.48442712336168786
emissionprobs	10	3	H3K4me1	0	0.32819240228406205
emissionprobs	10	3	H3K4me1	1	0.671807597715938
emissionprobs	10	4	H3K4me3	0	0.9976246093522306
emissionprobs	10	4	H3K4me3	1	0.002375390647769403
emissionprobs	10	5	H3K9me3	0	0.9911591383698884
emissionprobs	10	5	H3K9me3	1	0.008840861630111533
emissionprobs	11	0	H3K27ac	0	0.9980696395444261
emissionprobs	11	0	H3K27ac	1	0.0019303604555738706
emissionprobs	11	1	H3K27me3	0	0.9999617919423887
emissionprobs	11	1	H3K27me3	1	3.820805761132297E-5
emissionprobs	11	2	H3K36me3	0	0.9269343905464287
emissionprobs	11	2	H3K36me3	1	0.07306560945357127
emissionprobs	11	3	H3K4me1	0	0.9969358571220217
emissionprobs	11	3	H3K4me1	1	0.0030641428779783044
emissionprobs	11	4	H3K4me3	0	0.9998398173626939
emissionprobs	11	4	H3K4me3	1	1.601826373061386E-4
emissionprobs	11	5	H3K9me3	0	0.9986743581518446
emissionprobs	11	5	H3K9me3	1	0.0013256418481553194
emissionprobs	12	0	H3K27ac	0	0.9895794673813111
emissionprobs	12	0	H3K27ac	1	0.010420532618688902
emissionprobs	12	1	H3K27me3	0	0.9998979813745779
emissionprobs	12	1	H3K27me3	1	1.0201862542220012E-4
emissionprobs	12	2	H3K36me3	0	0.6364581180990562
emissionprobs	12	2	H3K36me3	1	0.36354188190094383
emissionprobs	12	3	H3K4me1	0	0.9942519215288835
emissionprobs	12	3	H3K4me1	1	0.005748078471116485
emissionprobs	12	4	H3K4me3	0	0.9995831169626668
emissionprobs	12	4	H3K4me3	1	4.1688303733316526E-4
emissionprobs	12	5	H3K9me3	0	0.9963301585039775
emissionprobs	12	5	H3K9me3	1	0.0036698414960225057
emissionprobs	13	0	H3K27ac	0	0.9915860423123539
emissionprobs	13	0	H3K27ac	1	0.008413957687646178
emissionprobs	13	1	H3K27me3	0	0.997821413560764
emissionprobs	13	1	H3K27me3	1	0.002178586439235961
emissionprobs	13	2	H3K36me3	0	0.9161195338758861
emissionprobs	13	2	H3K36me3	1	0.08388046612411387
emissionprobs	13	3	H3K4me1	0	0.9870427034481472
emissionprobs	13	3	H3K4me1	1	0.012957296551852944
emissionprobs	13	4	H3K4me3	0	0.9955757624052427
emissionprobs	13	4	H3K4me3	1	0.004424237594757273
emissionprobs	13	5	H3K9me3	0	0.6239674327041929
emissionprobs	13	5	H3K9me3	1	0.3760325672958071
emissionprobs	14	0	H3K27ac	0	0.9998890301953817
emissionprobs	14	0	H3K27ac	1	1.1096980461824578E-4
emissionprobs	14	1	H3K27me3	0	0.9991020820094689
emissionprobs	14	1	H3K27me3	1	8.979179905310373E-4
emissionprobs	14	2	H3K36me3	0	0.9998684181386113
emissionprobs	14	2	H3K36me3	1	1.3158186138877156E-4
emissionprobs	14	3	H3K4me1	0	0.9998501398412003
emissionprobs	14	3	H3K4me1	1	1.4986015879959376E-4
emissionprobs	14	4	H3K4me3	0	0.9996547875342017
emissionprobs	14	4	H3K4me3	1	3.4521246579828326E-4
emissionprobs	14	5	H3K9me3	0	0.9970064693281916
emissionprobs	14	5	H3K9me3	1	0.0029935306718084824
emissionprobs	15	0	H3K27ac	0	0.9986493631600827
emissionprobs	15	0	H3K27ac	1	0.001350636839917338
emissionprobs	15	1	H3K27me3	0	0.949563500002155
emissionprobs	15	1	H3K27me3	1	0.050436499997845004
emissionprobs	15	2	H3K36me3	0	0.999828927795467
emissionprobs	15	2	H3K36me3	1	1.7107220453305453E-4
emissionprobs	15	3	H3K4me1	0	0.9969755434515127
emissionprobs	15	3	H3K4me1	1	0.0030244565484873137
emissionprobs	15	4	H3K4me3	0	0.999246907684929
emissionprobs	15	4	H3K4me3	1	7.530923150709831E-4
emissionprobs	15	5	H3K9me3	0	0.9981695936307234
emissionprobs	15	5	H3K9me3	1	0.0018304063692766075
